#	X	Y	Z
1	0.00	0.00	0.00
2	1.20	0.00	0.00
3	2.40	0.00	0.00
4	3.60	0.00	0.00
5	4.80	0.00	0.00
6	6.00	0.00	0.00
7	7.20	0.00	0.00
8	8.40	0.00	0.00
9	9.60	0.00	0.00
10	10.80	0.00	0.00
11	12.00	0.00	0.00
12	13.20	0.00	0.00
13	14.40	0.00	0.00
14	15.60	0.00	0.00
15	16.80	0.00	0.00
16	18.00	0.00	0.00
17	19.20	0.00	0.00
18	20.40	0.00	0.00
19	21.60	0.00	0.00
20	22.80	0.00	0.00
21	24.00	0.00	0.00
22	25.20	0.00	0.00
23	26.40	0.00	0.00
24	27.60	0.00	0.00
25	28.80	0.00	0.00
26	30.00	0.00	0.00
27	31.20	0.00	0.00
28	32.40	0.00	0.00
29	33.60	0.00	0.00
30	34.80	0.00	0.00
31	36.00	0.00	0.00
32	37.20	0.00	0.00
33	38.40	0.00	0.00
34	39.60	0.00	0.00
35	40.80	0.00	0.00
36	42.00	0.00	0.00
37	43.20	0.00	0.00
38	44.40	0.00	0.00
39	45.60	0.00	0.00
40	46.80	0.00	0.00
41	48.00	0.00	0.00
42	49.20	0.00	0.00
43	50.40	0.00	0.00
44	51.60	0.00	0.00
45	52.80	0.00	0.00
46	54.00	0.00	0.00
47	55.20	0.00	0.00
48	56.40	0.00	0.00
#	A	B	M	N
1	1	2	3	4
2	1	2	4	5
3	1	2	5	6
4	1	3	4	6
5	1	3	6	5
6	1	3	5	7
7	1	4	6	9
8	1	5	7	11
9	1	6	8	13
10	1	7	8	14
11	1	7	14	9
12	1	7	9	15
13	1	8	10	17
14	1	9	11	19
15	1	10	12	21
16	2	3	4	5
17	2	3	5	6
18	2	3	6	7
19	2	4	5	7
20	2	4	7	6
21	2	4	6	8
22	2	5	7	10
23	2	6	8	12
24	2	7	9	14
25	2	8	9	15
26	2	8	15	10
27	2	8	10	16
28	2	9	11	18
29	2	10	12	20
30	2	11	13	22
31	3	4	5	6
32	3	4	6	7
33	3	4	7	8
34	3	5	6	8
35	3	5	8	7
36	3	6	8	11
37	3	7	9	13
38	3	8	10	15
39	3	9	10	16
40	3	9	16	11
41	3	9	11	17
42	3	10	12	19
43	3	11	13	21
44	3	12	14	23
45	4	5	6	7
46	4	5	7	8
47	4	5	8	9
48	4	6	7	9
49	4	6	9	8
50	4	6	8	10
51	4	7	9	12
52	4	8	10	14
53	4	9	11	16
54	4	10	11	17
55	4	10	17	12
56	4	10	12	18
57	4	11	13	20
58	4	12	14	22
59	4	13	15	24
60	5	6	7	8
61	5	6	8	9
62	5	6	9	10
63	5	7	8	10
64	5	7	10	9
65	5	7	9	11
66	5	8	10	13
67	5	9	11	15
68	5	10	12	17
69	5	11	12	18
70	5	11	18	13
71	5	11	13	19
72	5	12	14	21
73	5	13	15	23
74	5	14	16	25
75	6	7	8	9
76	6	7	9	10
77	6	7	10	11
78	6	8	9	11
79	6	8	11	10
80	6	8	10	12
81	6	9	11	14
82	6	10	12	16
83	6	11	13	18
84	6	12	13	19
85	6	12	19	14
86	6	12	14	20
87	6	13	15	22
88	6	14	16	24
89	6	15	17	26
90	7	8	9	10
91	7	8	10	11
92	7	8	11	12
93	7	9	10	12
94	7	9	12	11
95	7	9	11	13
96	7	10	12	15
97	7	11	13	17
98	7	12	14	19
99	7	13	14	20
100	7	13	20	15
101	7	13	15	21
102	7	14	16	23
103	7	15	17	25
104	7	16	18	27
105	8	9	10	11
106	8	9	11	12
107	8	9	12	13
108	8	10	11	13
109	8	10	13	12
110	8	10	12	14
111	8	11	13	16
112	8	12	14	18
113	8	13	15	20
114	8	14	15	21
115	8	14	21	16
116	8	14	16	22
117	8	15	17	24
118	8	16	18	26
119	8	17	19	28
120	9	10	11	12
121	9	10	12	13
122	9	10	13	14
123	9	11	12	14
124	9	11	14	13
125	9	11	13	15
126	9	12	14	17
127	9	13	15	19
128	9	14	16	21
129	9	15	16	22
130	9	15	22	17
131	9	15	17	23
132	9	16	18	25
133	9	17	19	27
134	9	18	20	29
135	10	11	12	13
136	10	11	13	14
137	10	11	14	15
138	10	12	13	15
139	10	12	15	14
140	10	12	14	16
141	10	13	15	18
142	10	14	16	20
143	10	15	17	22
144	10	16	17	23
145	10	16	23	18
146	10	16	18	24
147	10	17	19	26
148	10	18	20	28
149	10	19	21	30
150	11	12	13	14
151	11	12	14	15
152	11	12	15	16
153	11	13	14	16
154	11	13	16	15
155	11	13	15	17
156	11	14	16	19
157	11	15	17	21
158	11	16	18	23
159	11	17	18	24
160	11	17	24	19
161	11	17	19	25
162	11	18	20	27
163	11	19	21	29
164	11	20	22	31
165	12	13	14	15
166	12	13	15	16
167	12	13	16	17
168	12	14	15	17
169	12	14	17	16
170	12	14	16	18
171	12	15	17	20
172	12	16	18	22
173	12	17	19	24
174	12	18	19	25
175	12	18	25	20
176	12	18	20	26
177	12	19	21	28
178	12	20	22	30
179	12	21	23	32
180	13	14	15	16
181	13	14	16	17
182	13	14	17	18
183	13	15	16	18
184	13	15	18	17
185	13	15	17	19
186	13	16	18	21
187	13	17	19	23
188	13	18	20	25
189	13	19	20	26
190	13	19	26	21
191	13	19	21	27
192	13	20	22	29
193	13	21	23	31
194	13	22	24	33
195	14	15	16	17
196	14	15	17	18
197	14	15	18	19
198	14	16	17	19
199	14	16	19	18
200	14	16	18	20
201	14	17	19	22
202	14	18	20	24
203	14	19	21	26
204	14	20	21	27
205	14	20	27	22
206	14	20	22	28
207	14	21	23	30
208	14	22	24	32
209	14	23	25	34
210	15	16	17	18
211	15	16	18	19
212	15	16	19	20
213	15	17	18	20
214	15	17	20	19
215	15	17	19	21
216	15	18	20	23
217	15	19	21	25
218	15	20	22	27
219	15	21	22	28
220	15	21	28	23
221	15	21	23	29
222	15	22	24	31
223	15	23	25	33
224	15	24	26	35
225	16	17	18	19
226	16	17	19	20
227	16	17	20	21
228	16	18	19	21
229	16	18	21	20
230	16	18	20	22
231	16	19	21	24
232	16	20	22	26
233	16	21	23	28
234	16	22	23	29
235	16	22	29	24
236	16	22	24	30
237	16	23	25	32
238	16	24	26	34
239	16	25	27	36
240	17	18	19	20
241	17	18	20	21
242	17	18	21	22
243	17	19	20	22
244	17	19	22	21
245	17	19	21	23
246	17	20	22	25
247	17	21	23	27
248	17	22	24	29
249	17	23	24	30
250	17	23	30	25
251	17	23	25	31
252	17	24	26	33
253	17	25	27	35
254	17	26	28	37
255	18	19	20	21
256	18	19	21	22
257	18	19	22	23
258	18	20	21	23
259	18	20	23	22
260	18	20	22	24
261	18	21	23	26
262	18	22	24	28
263	18	23	25	30
264	18	24	25	31
265	18	24	31	26
266	18	24	26	32
267	18	25	27	34
268	18	26	28	36
269	18	27	29	38
270	19	20	21	22
271	19	20	22	23
272	19	20	23	24
273	19	21	22	24
274	19	21	24	23
275	19	21	23	25
276	19	22	24	27
277	19	23	25	29
278	19	24	26	31
279	19	25	26	32
280	19	25	32	27
281	19	25	27	33
282	19	26	28	35
283	19	27	29	37
284	19	28	30	39
285	20	21	22	23
286	20	21	23	24
287	20	21	24	25
288	20	22	23	25
289	20	22	25	24
290	20	22	24	26
291	20	23	25	28
292	20	24	26	30
293	20	25	27	32
294	20	26	27	33
295	20	26	33	28
296	20	26	28	34
297	20	27	29	36
298	20	28	30	38
299	20	29	31	40
300	21	22	23	24
301	21	22	24	25
302	21	22	25	26
303	21	23	24	26
304	21	23	26	25
305	21	23	25	27
306	21	24	26	29
307	21	25	27	31
308	21	26	28	33
309	21	27	28	34
310	21	27	34	29
311	21	27	29	35
312	21	28	30	37
313	21	29	31	39
314	21	30	32	41
315	22	23	24	25
316	22	23	25	26
317	22	23	26	27
318	22	24	25	27
319	22	24	27	26
320	22	24	26	28
321	22	25	27	30
322	22	26	28	32
323	22	27	29	34
324	22	28	29	35
325	22	28	35	30
326	22	28	30	36
327	22	29	31	38
328	22	30	32	40
329	22	31	33	42
330	23	24	25	26
331	23	24	26	27
332	23	24	27	28
333	23	25	26	28
334	23	25	28	27
335	23	25	27	29
336	23	26	28	31
337	23	27	29	33
338	23	28	30	35
339	23	29	30	36
340	23	29	36	31
341	23	29	31	37
342	23	30	32	39
343	23	31	33	41
344	23	32	34	43
345	24	25	26	27
346	24	25	27	28
347	24	25	28	29
348	24	26	27	29
349	24	26	29	28
350	24	26	28	30
351	24	27	29	32
352	24	28	30	34
353	24	29	31	36
354	24	30	31	37
355	24	30	37	32
356	24	30	32	38
357	24	31	33	40
358	24	32	34	42
359	24	33	35	44
360	25	26	27	28
361	25	26	28	29
362	25	26	29	30
363	25	27	28	30
364	25	27	30	29
365	25	27	29	31
366	25	28	30	33
367	25	29	31	35
368	25	30	32	37
369	25	31	32	38
370	25	31	38	33
371	25	31	33	39
372	25	32	34	41
373	25	33	35	43
374	25	34	36	45
375	26	27	28	29
376	26	27	29	30
377	26	27	30	31
378	26	28	29	31
379	26	28	31	30
380	26	28	30	32
381	26	29	31	34
382	26	30	32	36
383	26	31	33	38
384	26	32	33	39
385	26	32	39	34
386	26	32	34	40
387	26	33	35	42
388	26	34	36	44
389	26	35	37	46
390	27	28	29	30
391	27	28	30	31
392	27	28	31	32
393	27	29	30	32
394	27	29	32	31
395	27	29	31	33
396	27	30	32	35
397	27	31	33	37
398	27	32	34	39
399	27	33	34	40
400	27	33	40	35
401	27	33	35	41
402	27	34	36	43
403	27	35	37	45
404	27	36	38	47
405	28	29	30	31
406	28	29	31	32
407	28	29	32	33
408	28	30	31	33
409	28	30	33	32
410	28	30	32	34
411	28	31	33	36
412	28	32	34	38
413	28	33	35	40
414	28	34	35	41
415	28	34	41	36
416	28	34	36	42
417	28	35	37	44
418	28	36	38	46
419	28	37	39	48
420	29	30	31	32
421	29	30	32	33
422	29	30	33	34
423	29	31	32	34
424	29	31	34	33
425	29	31	33	35
426	29	32	34	37
427	29	33	35	39
428	29	34	36	41
429	29	35	36	42
430	29	35	42	37
431	29	35	37	43
432	29	36	38	45
433	29	37	39	47
434	30	31	32	33
435	30	31	33	34
436	30	31	34	35
437	30	32	33	35
438	30	32	35	34
439	30	32	34	36
440	30	33	35	38
441	30	34	36	40
442	30	35	37	42
443	30	36	37	43
444	30	36	43	38
445	30	36	38	44
446	30	37	39	46
447	30	38	40	48
448	31	32	33	34
449	31	32	34	35
450	31	32	35	36
451	31	33	34	36
452	31	33	36	35
453	31	33	35	37
454	31	34	36	39
455	31	35	37	41
456	31	36	38	43
457	31	37	38	44
458	31	37	44	39
459	31	37	39	45
460	31	38	40	47
461	32	33	34	35
462	32	33	35	36
463	32	33	36	37
464	32	34	35	37
465	32	34	37	36
466	32	34	36	38
467	32	35	37	40
468	32	36	38	42
469	32	37	39	44
470	32	38	39	45
471	32	38	45	40
472	32	38	40	46
473	32	39	41	48
474	33	34	35	36
475	33	34	36	37
476	33	34	37	38
477	33	35	36	38
478	33	35	38	37
479	33	35	37	39
480	33	36	38	41
481	33	37	39	43
482	33	38	40	45
483	33	39	40	46
484	33	39	46	41
485	33	39	41	47
486	34	35	36	37
487	34	35	37	38
488	34	35	38	39
489	34	36	37	39
490	34	36	39	38
491	34	36	38	40
492	34	37	39	42
493	34	38	40	44
494	34	39	41	46
495	34	40	41	47
496	34	40	47	42
497	34	40	42	48
498	35	36	37	38
499	35	36	38	39
500	35	36	39	40
501	35	37	38	40
502	35	37	40	39
503	35	37	39	41
504	35	38	40	43
505	35	39	41	45
506	35	40	42	47
507	35	41	42	48
508	36	37	38	39
509	36	37	39	40
510	36	37	40	41
511	36	38	39	41
512	36	38	41	40
513	36	38	40	42
514	36	39	41	44
515	36	40	42	46
516	36	41	43	48
517	37	38	39	40
518	37	38	41	42
519	37	38	40	41
520	37	39	40	42
521	37	39	42	41
522	37	39	41	43
523	37	40	42	45
524	37	41	43	47
525	38	39	42	43
526	38	39	40	41
527	38	39	41	42
528	38	40	41	43
529	38	40	43	42
530	38	40	42	44
531	38	41	43	46
532	38	42	44	48
533	39	40	43	44
534	39	40	41	42
535	39	40	42	43
536	39	41	42	44
537	39	41	44	43
538	39	41	43	45
539	39	42	44	47
540	40	41	44	45
541	40	41	42	43
542	40	41	43	44
543	40	42	43	45
544	40	42	45	44
545	40	42	44	46
546	40	43	45	48
547	41	42	45	46
548	41	42	43	44
549	41	42	44	45
550	41	43	44	46
551	41	43	46	45
552	41	43	45	47
553	42	43	44	45
554	42	43	45	46
555	42	43	46	47
556	42	44	45	47
557	42	44	47	46
558	42	44	46	48
559	43	44	45	46
560	43	44	46	47
561	43	44	47	48
562	43	45	46	48
563	44	45	46	47
564	44	45	47	48
565	45	46	47	48
566	4	5	1	2
567	6	5	1	3
568	7	11	1	5
569	14	9	1	7
570	11	19	1	9
571	5	6	2	3
572	7	6	2	4
573	8	12	2	6
574	15	10	2	8
575	12	20	2	10
576	6	7	3	4
577	8	7	3	5
578	10	15	3	8
579	11	17	3	9
580	14	23	3	12
581	8	9	4	5
582	8	10	4	6
583	11	16	4	9
584	12	18	4	10
585	15	24	4	13
586	9	10	5	6
587	9	11	5	7
588	12	17	5	10
589	13	19	5	11
590	16	25	5	14
591	10	11	6	7
592	10	12	6	8
593	13	18	6	11
594	14	20	6	12
595	17	26	6	15
596	11	12	7	8
597	11	13	7	9
598	14	19	7	12
599	15	21	7	13
600	18	27	7	16
601	12	13	8	9
602	12	14	8	10
603	15	20	8	13
604	16	22	8	14
605	19	28	8	17
606	13	14	9	10
607	13	15	9	11
608	16	21	9	14
609	17	23	9	15
610	20	29	9	18
611	14	15	10	11
612	14	16	10	12
613	17	22	10	15
614	18	24	10	16
615	21	30	10	19
616	15	16	11	12
617	15	17	11	13
618	18	23	11	16
619	19	25	11	17
620	22	31	11	20
621	16	17	12	13
622	16	18	12	14
623	19	24	12	17
624	20	26	12	18
625	23	32	12	21
626	17	18	13	14
627	17	19	13	15
628	20	25	13	18
629	21	27	13	19
630	24	33	13	22
631	18	19	14	15
632	18	20	14	16
633	21	26	14	19
634	22	28	14	20
635	25	34	14	23
636	19	20	15	16
637	19	21	15	17
638	22	27	15	20
639	23	29	15	21
640	26	35	15	24
641	20	21	16	17
642	20	22	16	18
643	23	28	16	21
644	24	30	16	22
645	27	36	16	25
646	21	22	17	18
647	21	23	17	19
648	24	29	17	22
649	25	31	17	23
650	28	37	17	26
651	22	23	18	19
652	22	24	18	20
653	25	30	18	23
654	26	32	18	24
655	29	38	18	27
656	23	24	19	20
657	23	25	19	21
658	26	31	19	24
659	27	33	19	25
660	30	39	19	28
661	24	25	20	21
662	24	26	20	22
663	27	32	20	25
664	28	34	20	26
665	31	40	20	29
666	25	26	21	22
667	25	27	21	23
668	28	33	21	26
669	29	35	21	27
670	32	41	21	30
671	26	27	22	23
672	26	28	22	24
673	29	34	22	27
674	30	36	22	28
675	33	42	22	31
676	27	28	23	24
677	27	29	23	25
678	30	35	23	28
679	31	37	23	29
680	34	43	23	32
681	28	29	24	25
682	28	30	24	26
683	31	36	24	29
684	32	38	24	30
685	35	44	24	33
686	29	30	25	26
687	29	31	25	27
688	32	37	25	30
689	33	39	25	31
690	36	45	25	34
691	30	31	26	27
692	30	32	26	28
693	33	38	26	31
694	34	40	26	32
695	37	46	26	35
696	31	32	27	28
697	31	33	27	29
698	34	39	27	32
699	35	41	27	33
700	38	47	27	36
701	32	33	28	29
702	32	34	28	30
703	35	40	28	33
704	36	42	28	34
705	39	48	28	37
706	33	34	29	30
707	33	35	29	31
708	36	41	29	34
709	37	43	29	35
710	32	33	30	31
711	33	35	30	32
712	35	38	30	33
713	37	43	30	36
714	39	46	30	37
715	34	35	31	32
716	36	35	31	33
717	37	41	31	35
718	44	39	31	37
719	34	35	32	33
720	35	37	32	34
721	37	40	32	35
722	39	45	32	38
723	41	48	32	39
724	37	38	33	34
725	37	39	33	35
726	40	45	33	38
727	41	47	33	39
728	38	39	34	35
729	38	40	34	36
730	41	46	34	39
731	42	48	34	40
732	39	40	35	36
733	39	41	35	37
734	42	47	35	40
735	39	40	36	37
736	41	40	36	38
737	42	46	36	40
738	41	42	37	38
739	42	41	37	39
740	43	47	37	41
741	41	42	38	39
742	42	44	38	40
743	43	44	39	40
744	42	44	39	41
745	44	47	39	42
746	43	44	40	41
747	44	46	40	42
748	43	44	41	42
749	46	45	41	43
750	45	46	42	43
751	47	46	42	44
752	46	47	43	44
753	46	47	44	45
754	1	16	6	11
755	16	1	6	11
756	1	21	6	11
757	1	21	11	16
758	21	6	11	16
759	1	25	7	13
760	1	25	13	19
761	1	31	7	13
762	1	31	13	19
763	31	7	13	19
764	1	31	19	25
765	31	7	19	25
766	1	36	8	15
767	1	36	15	22
768	1	36	22	29
769	1	43	8	15
770	1	43	15	22
771	43	8	15	22
772	1	43	22	29
773	43	8	22	29
774	1	43	29	36
775	43	8	29	36
776	1	41	9	17
777	1	41	17	25
778	1	41	25	33
779	2	17	7	12
780	17	2	7	12
781	2	22	7	12
782	2	22	12	17
783	22	7	12	17
784	2	26	8	14
785	2	26	14	20
786	2	32	8	14
787	2	32	14	20
788	32	8	14	20
789	2	32	20	26
790	32	8	20	26
791	2	37	9	16
792	2	37	16	23
793	2	37	23	30
794	2	44	9	16
795	2	44	16	23
796	44	9	16	23
797	2	44	23	30
798	44	9	23	30
799	2	44	30	37
800	44	9	30	37
801	2	42	10	18
802	2	42	18	26
803	2	42	26	34
804	3	18	8	13
805	18	3	8	13
806	3	23	8	13
807	3	23	13	18
808	23	8	13	18
809	3	27	9	15
810	3	27	15	21
811	3	33	9	15
812	3	33	15	21
813	33	9	15	21
814	3	33	21	27
815	33	9	21	27
816	3	38	10	17
817	3	38	17	24
818	3	38	24	31
819	3	45	10	17
820	3	45	17	24
821	45	10	17	24
822	3	45	24	31
823	45	10	24	31
824	3	45	31	38
825	45	10	31	38
826	3	43	11	19
827	3	43	19	27
828	3	43	27	35
829	4	19	9	14
830	19	4	9	14
831	4	24	9	14
832	4	24	14	19
833	24	9	14	19
834	4	28	10	16
835	4	28	16	22
836	4	34	10	16
837	4	34	16	22
838	34	10	16	22
839	4	34	22	28
840	34	10	22	28
841	4	39	11	18
842	4	39	18	25
843	4	39	25	32
844	4	46	11	18
845	4	46	18	25
846	46	11	18	25
847	4	46	25	32
848	46	11	25	32
849	4	46	32	39
850	46	11	32	39
851	4	44	12	20
852	4	44	20	28
853	4	44	28	36
854	5	20	10	15
855	20	5	10	15
856	5	25	10	15
857	5	25	15	20
858	25	10	15	20
859	5	29	11	17
860	5	29	17	23
861	5	35	11	17
862	5	35	17	23
863	35	11	17	23
864	5	35	23	29
865	35	11	23	29
866	5	40	12	19
867	5	40	19	26
868	5	40	26	33
869	5	47	12	19
870	5	47	19	26
871	47	12	19	26
872	5	47	26	33
873	47	12	26	33
874	5	47	33	40
875	47	12	33	40
876	5	45	13	21
877	5	45	21	29
878	5	45	29	37
879	6	26	11	16
880	6	26	16	21
881	26	11	16	21
882	6	30	12	18
883	6	30	18	24
884	6	36	12	18
885	6	36	18	24
886	36	12	18	24
887	6	36	24	30
888	36	12	24	30
889	6	41	13	20
890	6	41	20	27
891	6	41	27	34
892	6	48	13	20
893	6	48	20	27
894	48	13	20	27
895	6	48	27	34
896	48	13	27	34
897	6	48	34	41
898	48	13	34	41
899	6	46	14	22
900	6	46	22	30
901	6	46	30	38
902	7	27	12	17
903	7	27	17	22
904	27	12	17	22
905	7	37	13	19
906	7	37	19	25
907	37	13	19	25
908	7	37	25	31
909	37	13	25	31
910	7	42	14	21
911	7	42	21	28
912	7	42	28	35
913	7	47	15	23
914	7	47	23	31
915	7	47	31	39
916	8	28	13	18
917	8	28	18	23
918	28	13	18	23
919	8	38	14	20
920	8	38	20	26
921	38	14	20	26
922	8	38	26	32
923	38	14	26	32
924	8	48	16	24
925	8	48	24	32
926	8	48	32	40
927	9	29	14	19
928	9	29	19	24
929	29	14	19	24
930	9	39	15	21
931	9	39	21	27
932	39	15	21	27
933	9	39	27	33
934	39	15	27	33
935	10	30	15	20
936	10	30	20	25
937	30	15	20	25
938	10	40	16	22
939	10	40	22	28
940	40	16	22	28
941	10	40	28	34
942	40	16	28	34
943	11	31	16	21
944	11	31	21	26
945	31	16	21	26
946	11	41	17	23
947	11	41	23	29
948	41	17	23	29
949	11	41	29	35
950	41	17	29	35
951	12	32	17	22
952	12	32	22	27
953	32	17	22	27
954	12	42	18	24
955	12	42	24	30
956	42	18	24	30
957	12	42	30	36
958	42	18	30	36
959	13	33	18	23
960	13	33	23	28
961	33	18	23	28
962	13	43	19	25
963	13	43	25	31
964	43	19	25	31
965	13	43	31	37
966	43	19	31	37
967	14	34	19	24
968	14	34	24	29
969	34	19	24	29
970	14	44	20	26
971	14	44	26	32
972	44	20	26	32
973	14	44	32	38
974	44	20	32	38
975	15	35	20	25
976	15	35	25	30
977	35	20	25	30
978	15	45	21	27
979	15	45	27	33
980	45	21	27	33
981	15	45	33	39
982	45	21	33	39
983	16	36	21	26
984	16	36	26	31
985	36	21	26	31
986	16	46	22	28
987	16	46	28	34
988	46	22	28	34
989	16	46	34	40
990	46	22	34	40
991	17	37	22	27
992	17	37	27	32
993	37	22	27	32
994	17	47	23	29
995	17	47	29	35
996	47	23	29	35
997	17	47	35	41
998	47	23	35	41
999	18	38	23	28
1000	18	38	28	33
1001	38	23	28	33
1002	18	48	24	30
1003	18	48	30	36
1004	48	24	30	36
1005	18	48	36	42
1006	48	24	36	42
1007	19	39	24	29
1008	19	39	29	34
1009	39	24	29	34
1010	20	40	25	30
1011	20	40	30	35
1012	40	25	30	35
1013	21	41	26	31
1014	21	41	31	36
1015	41	26	31	36
1016	22	42	27	32
1017	22	42	32	37
1018	42	27	32	37
1019	23	43	28	33
1020	23	43	33	38
1021	43	28	33	38
1022	24	44	29	34
1023	24	44	34	39
1024	44	29	34	39
1025	25	45	30	35
1026	25	45	35	40
1027	45	30	35	40
1028	26	46	31	36
1029	26	46	36	41
1030	46	31	36	41
1031	27	47	32	37
1032	27	47	37	42
1033	47	32	37	42
1034	28	48	33	38
1035	28	48	38	43
1036	48	33	38	43
1037	4	5	1	2
1038	6	5	1	3
1039	7	11	1	5
1040	14	9	1	7
1041	11	19	1	9
1042	5	6	2	3
1043	7	6	2	4
1044	8	12	2	6
1045	15	10	2	8
1046	12	20	2	10
1047	6	7	3	4
1048	8	7	3	5
1049	10	15	3	8
1050	11	17	3	9
1051	14	23	3	12
1052	8	9	4	5
1053	8	10	4	6
1054	11	16	4	9
1055	12	18	4	10
1056	15	24	4	13
1057	9	10	5	6
1058	9	11	5	7
1059	12	17	5	10
1060	13	19	5	11
1061	16	25	5	14
1062	10	11	6	7
1063	10	12	6	8
1064	13	18	6	11
1065	14	20	6	12
1066	17	26	6	15
1067	11	12	7	8
1068	11	13	7	9
1069	14	19	7	12
1070	15	21	7	13
1071	18	27	7	16
1072	12	13	8	9
1073	12	14	8	10
1074	15	20	8	13
1075	16	22	8	14
1076	19	28	8	17
1077	13	14	9	10
1078	13	15	9	11
1079	16	21	9	14
1080	17	23	9	15
1081	20	29	9	18
1082	14	15	10	11
1083	14	16	10	12
1084	17	22	10	15
1085	18	24	10	16
1086	21	30	10	19
1087	15	16	11	12
1088	15	17	11	13
1089	18	23	11	16
1090	19	25	11	17
1091	22	31	11	20
1092	16	17	12	13
1093	16	18	12	14
1094	19	24	12	17
1095	20	26	12	18
1096	23	32	12	21
1097	17	18	13	14
1098	17	19	13	15
1099	20	25	13	18
1100	21	27	13	19
1101	24	33	13	22
1102	18	19	14	15
1103	18	20	14	16
1104	21	26	14	19
1105	22	28	14	20
1106	25	34	14	23
1107	19	20	15	16
1108	19	21	15	17
1109	22	27	15	20
1110	23	29	15	21
1111	26	35	15	24
1112	20	21	16	17
1113	20	22	16	18
1114	23	28	16	21
1115	24	30	16	22
1116	27	36	16	25
1117	21	22	17	18
1118	21	23	17	19
1119	24	29	17	22
1120	25	31	17	23
1121	28	37	17	26
1122	22	23	18	19
1123	22	24	18	20
1124	25	30	18	23
1125	26	32	18	24
1126	29	38	18	27
1127	23	24	19	20
1128	23	25	19	21
1129	26	31	19	24
1130	27	33	19	25
1131	30	39	19	28
1132	24	25	20	21
1133	24	26	20	22
1134	27	32	20	25
1135	28	34	20	26
1136	31	40	20	29
1137	25	26	21	22
1138	25	27	21	23
1139	28	33	21	26
1140	29	35	21	27
1141	32	41	21	30
1142	26	27	22	23
1143	26	28	22	24
1144	29	34	22	27
1145	30	36	22	28
1146	33	42	22	31
1147	27	28	23	24
1148	27	29	23	25
1149	30	35	23	28
1150	31	37	23	29
1151	34	43	23	32
1152	28	29	24	25
1153	28	30	24	26
1154	31	36	24	29
1155	32	38	24	30
1156	35	44	24	33
1157	29	30	25	26
1158	29	31	25	27
1159	32	37	25	30
1160	33	39	25	31
1161	36	45	25	34
1162	30	31	26	27
1163	30	32	26	28
1164	33	38	26	31
1165	34	40	26	32
1166	37	46	26	35
1167	31	32	27	28
1168	31	33	27	29
1169	34	39	27	32
1170	35	41	27	33
1171	38	47	27	36
1172	32	33	28	29
1173	32	34	28	30
1174	35	40	28	33
1175	36	42	28	34
1176	39	48	28	37
1177	33	34	29	30
1178	33	35	29	31
1179	36	41	29	34
1180	37	43	29	35
1181	32	33	30	31
1182	33	35	30	32
1183	35	38	30	33
1184	37	43	30	36
1185	39	46	30	37
1186	34	35	31	32
1187	36	35	31	33
1188	37	41	31	35
1189	44	39	31	37
1190	34	35	32	33
1191	35	37	32	34
1192	37	40	32	35
1193	39	45	32	38
1194	41	48	32	39
1195	37	38	33	34
1196	37	39	33	35
1197	40	45	33	38
1198	41	47	33	39
1199	38	39	34	35
1200	38	40	34	36
1201	41	46	34	39
1202	42	48	34	40
1203	39	40	35	36
1204	39	41	35	37
1205	42	47	35	40
1206	39	40	36	37
1207	41	40	36	38
1208	42	46	36	40
1209	41	42	37	38
1210	42	41	37	39
1211	43	47	37	41
1212	41	42	38	39
1213	42	44	38	40
1214	43	44	39	40
1215	42	44	39	41
1216	44	47	39	42
1217	43	44	40	41
1218	44	46	40	42
1219	43	44	41	42
1220	46	45	41	43
1221	45	46	42	43
1222	47	46	42	44
1223	46	47	43	44
1224	46	47	44	45
